Stratigraphic Pick ->,1000,10000,11000,12000,13000,14000,2000,3000,4000,5000,6000,7000,9000,9500
10022,0.04%,1.71%,0.83%,0.35%,0.83%,0.05%,14.87%,2.19%,0.00%,12.95%,0.00%,29.40%,14.12%,22.67%
1003,0.00%,7.56%,0.17%,0.01%,0.04%,0.53%,0.00%,0.00%,0.30%,45.91%,0.02%,43.67%,1.70%,0.08%
10032,0.00%,0.01%,0.00%,0.00%,0.01%,0.00%,0.00%,0.02%,0.00%,0.02%,0.00%,99.80%,0.09%,0.05%
10034,0.00%,0.45%,0.19%,0.06%,0.09%,0.01%,0.28%,0.42%,0.00%,1.71%,0.00%,21.46%,29.40%,45.92%
10043,0.12%,12.01%,3.66%,0.28%,0.41%,0.02%,2.18%,2.35%,0.00%,4.23%,0.01%,20.06%,23.27%,31.40%
10058,0.00%,0.12%,13.45%,40.17%,42.24%,2.54%,0.01%,0.00%,0.00%,0.02%,0.00%,0.01%,0.73%,0.70%
1006,0.00%,21.74%,0.96%,4.30%,9.98%,0.11%,0.00%,0.00%,0.07%,55.48%,0.05%,0.34%,2.24%,4.74%
10073,0.00%,0.01%,1.93%,0.58%,97.46%,0.00%,0.00%,0.00%,0.00%,0.01%,0.00%,0.01%,0.01%,0.00%
10075,0.01%,0.02%,0.00%,0.00%,99.94%,0.00%,0.00%,0.00%,0.00%,0.03%,0.00%,0.00%,0.00%,0.00%
10094,0.00%,88.57%,3.55%,0.99%,1.18%,0.04%,0.03%,0.00%,0.00%,2.86%,0.00%,1.13%,0.49%,1.16%
10096,0.00%,0.41%,20.48%,6.00%,72.30%,0.01%,0.00%,0.01%,0.00%,0.10%,0.00%,0.10%,0.14%,0.45%
1011,0.00%,62.09%,0.35%,0.14%,7.38%,0.24%,0.00%,0.00%,0.00%,5.02%,0.00%,9.29%,7.54%,7.95%
10117,0.00%,0.00%,0.00%,0.01%,0.00%,99.99%,0.00%,0.00%,0.00%,0.00%,0.00%,0.00%,0.00%,0.00%
10133,0.01%,20.16%,1.36%,2.89%,1.96%,0.27%,1.26%,0.13%,0.00%,29.19%,0.21%,41.91%,0.23%,0.43%
10135,0.00%,0.41%,0.79%,0.15%,0.18%,0.28%,0.01%,0.14%,0.00%,8.56%,0.00%,0.42%,76.17%,12.88%
10143,0.00%,3.51%,0.64%,0.22%,0.13%,0.04%,0.00%,0.18%,0.00%,25.70%,0.00%,6.80%,37.00%,25.78%
10155,0.00%,0.53%,5.47%,2.52%,3.23%,0.11%,0.11%,0.83%,0.00%,15.44%,0.00%,0.38%,20.50%,50.87%
10168,0.00%,0.00%,0.00%,0.00%,0.00%,99.99%,0.00%,0.00%,0.00%,0.00%,0.00%,0.00%,0.00%,0.00%
10171,0.00%,0.19%,0.11%,0.10%,0.52%,0.00%,0.00%,0.33%,0.00%,0.12%,0.00%,97.87%,0.72%,0.04%
10180,0.00%,1.58%,0.52%,10.78%,85.95%,0.04%,0.01%,0.00%,0.00%,0.58%,0.00%,0.28%,0.21%,0.04%
10182,0.00%,0.22%,0.08%,0.03%,0.04%,0.04%,0.10%,2.19%,0.00%,19.67%,0.00%,6.29%,54.35%,17.00%
10184,0.00%,0.14%,0.06%,0.02%,0.03%,0.01%,0.01%,0.41%,0.00%,51.22%,0.00%,40.16%,3.28%,4.67%
10189,0.00%,0.97%,0.91%,43.99%,53.16%,0.35%,0.00%,0.00%,0.00%,0.14%,0.00%,0.07%,0.31%,0.10%
10195,0.03%,6.82%,4.66%,1.55%,0.70%,0.07%,0.01%,0.35%,0.00%,49.25%,0.00%,1.06%,15.35%,20.15%
10201,0.00%,0.00%,0.00%,0.01%,0.03%,99.96%,0.00%,0.00%,0.00%,0.00%,0.00%,0.00%,0.00%,0.00%
10207,0.00%,0.00%,0.00%,0.00%,0.00%,0.00%,0.00%,0.03%,0.00%,0.01%,0.00%,99.92%,0.01%,0.02%
10226,0.00%,0.03%,5.64%,0.54%,93.75%,0.01%,0.00%,0.00%,0.00%,0.00%,0.00%,0.00%,0.01%,0.02%
1026,0.00%,7.06%,1.15%,0.43%,1.26%,10.22%,0.00%,0.00%,0.00%,1.05%,0.00%,0.09%,39.56%,39.19%
103,0.00%,0.58%,81.17%,0.32%,0.41%,0.02%,0.00%,0.00%,0.00%,0.06%,0.00%,0.00%,0.52%,16.92%
104,0.01%,4.58%,23.31%,16.07%,1.79%,0.82%,0.00%,0.02%,0.00%,5.59%,0.00%,0.03%,16.98%,30.80%
1047,0.00%,0.04%,9.81%,83.69%,6.28%,0.02%,0.00%,0.00%,0.00%,0.07%,0.00%,0.02%,0.05%,0.01%
1069,0.00%,54.83%,4.22%,1.39%,35.56%,0.01%,0.00%,0.00%,0.00%,0.22%,0.00%,0.28%,2.98%,0.50%
1081,100.00%,0.00%,0.00%,0.00%,0.00%,0.00%,0.00%,0.00%,0.00%,0.00%,0.00%,0.00%,0.00%,0.00%
1082,0.00%,0.06%,0.05%,0.03%,0.02%,0.00%,0.00%,0.00%,0.00%,98.64%,0.00%,0.03%,1.16%,0.02%
1098,0.00%,12.57%,13.55%,22.51%,38.59%,0.04%,0.00%,0.00%,0.00%,5.27%,0.00%,0.72%,5.64%,1.12%
1107,0.00%,0.28%,0.02%,0.02%,0.02%,0.00%,0.00%,0.00%,0.00%,0.10%,0.00%,0.01%,14.92%,84.61%
1139,0.00%,0.36%,73.12%,18.26%,4.56%,0.01%,0.00%,0.00%,0.00%,0.03%,0.00%,0.01%,2.52%,1.13%
1146,0.25%,1.10%,0.06%,0.21%,0.06%,0.01%,0.00%,0.00%,0.00%,7.11%,0.00%,1.41%,84.94%,4.85%
1149,0.00%,0.04%,53.10%,33.02%,12.95%,0.00%,0.00%,0.00%,0.00%,0.10%,0.00%,0.00%,0.19%,0.59%
1155,0.00%,0.00%,0.00%,0.00%,0.00%,0.00%,0.00%,0.00%,0.00%,0.04%,0.00%,99.96%,0.00%,0.00%
1171,0.00%,0.05%,3.03%,46.88%,46.65%,0.03%,0.00%,0.00%,0.00%,0.02%,0.00%,0.01%,0.98%,2.35%
1175,0.03%,34.36%,1.67%,0.38%,0.23%,0.02%,0.06%,0.00%,0.00%,3.43%,0.00%,0.19%,31.98%,27.64%
1185,0.00%,21.52%,18.01%,1.68%,8.16%,0.06%,0.00%,0.00%,0.00%,2.16%,0.00%,0.70%,43.59%,4.11%
119,0.00%,26.75%,0.39%,0.18%,0.48%,0.05%,0.00%,0.00%,0.03%,0.07%,1.38%,0.19%,68.65%,1.82%
1198,0.00%,3.43%,5.60%,15.04%,70.74%,0.18%,0.00%,0.01%,0.05%,0.43%,0.00%,0.78%,1.25%,2.49%
1213,0.00%,4.41%,0.38%,0.01%,0.02%,0.01%,0.00%,0.00%,0.01%,0.17%,91.85%,0.43%,2.52%,0.19%
1219,0.00%,0.02%,0.06%,30.91%,68.50%,0.10%,0.00%,0.00%,0.00%,0.00%,0.00%,0.00%,0.01%,0.39%
1220,0.00%,1.05%,0.39%,0.42%,0.56%,88.87%,0.00%,0.00%,0.02%,5.07%,0.00%,0.02%,3.47%,0.14%
1221,0.06%,18.83%,54.96%,1.43%,1.36%,0.32%,0.99%,0.56%,0.00%,13.50%,0.01%,0.31%,4.74%,2.91%
1225,0.00%,27.07%,53.01%,3.44%,11.16%,2.92%,0.00%,0.01%,0.00%,0.12%,0.09%,0.06%,1.62%,0.51%
1238,0.00%,0.13%,0.18%,0.02%,0.01%,0.07%,14.46%,84.08%,0.00%,0.14%,0.02%,0.01%,0.63%,0.25%
1244,0.00%,14.36%,63.02%,9.06%,8.65%,0.27%,0.01%,0.02%,0.00%,0.30%,0.02%,0.02%,2.98%,1.29%
1245,0.00%,13.09%,37.41%,32.29%,11.86%,0.72%,0.00%,0.01%,0.00%,0.47%,0.53%,0.07%,1.46%,2.09%
126,0.00%,0.04%,0.05%,0.08%,0.07%,99.66%,0.00%,0.00%,0.00%,0.00%,0.00%,0.00%,0.01%,0.09%
127,99.98%,0.02%,0.00%,0.00%,0.00%,0.00%,0.00%,0.00%,0.00%,0.00%,0.00%,0.00%,0.00%,0.00%
1274,0.00%,5.51%,0.37%,3.11%,67.87%,0.29%,0.00%,0.00%,0.47%,20.69%,0.01%,0.52%,0.39%,0.77%
1295,0.01%,8.09%,1.05%,0.38%,0.47%,1.29%,8.23%,0.19%,0.98%,71.45%,0.04%,1.89%,0.55%,5.40%
1299,0.00%,81.29%,1.32%,0.30%,0.44%,0.01%,0.00%,0.00%,0.00%,7.70%,0.00%,6.81%,0.85%,1.29%
13,0.03%,55.93%,1.26%,4.45%,2.48%,0.50%,1.37%,0.25%,8.40%,5.75%,17.27%,0.72%,0.76%,0.82%
130,0.00%,1.66%,1.55%,0.41%,0.29%,0.05%,0.00%,0.00%,0.00%,33.25%,0.00%,0.62%,49.58%,12.58%
1307,0.00%,10.89%,2.59%,1.75%,0.78%,0.08%,0.00%,0.00%,0.00%,52.68%,0.00%,16.61%,7.02%,7.58%
1341,100.00%,0.00%,0.00%,0.00%,0.00%,0.00%,0.00%,0.00%,0.00%,0.00%,0.00%,0.00%,0.00%,0.00%
1342,0.01%,7.56%,0.22%,0.28%,0.24%,0.01%,0.00%,0.00%,0.00%,19.49%,0.00%,69.88%,2.19%,0.12%
1347,0.00%,0.07%,22.64%,72.49%,4.71%,0.00%,0.00%,0.00%,0.00%,0.01%,0.00%,0.00%,0.03%,0.05%
1364,0.01%,0.05%,0.00%,0.02%,0.03%,73.42%,0.15%,22.80%,2.25%,0.29%,0.00%,0.00%,0.30%,0.68%
1370,0.00%,10.80%,1.19%,1.63%,0.35%,0.02%,0.00%,0.00%,0.00%,18.12%,0.00%,45.91%,5.17%,16.82%
1371,0.00%,86.84%,0.89%,2.92%,0.55%,0.07%,0.00%,0.00%,0.00%,5.11%,0.00%,0.65%,2.07%,0.88%
1382,0.00%,0.00%,0.00%,0.01%,0.66%,99.32%,0.00%,0.00%,0.00%,0.00%,0.00%,0.00%,0.00%,0.01%
1386,0.00%,3.89%,0.98%,2.29%,0.40%,0.09%,0.00%,0.01%,0.00%,1.21%,0.00%,0.75%,74.57%,15.81%
1413,0.00%,0.06%,0.01%,0.03%,0.02%,0.00%,0.00%,0.00%,0.00%,5.81%,0.00%,93.96%,0.07%,0.04%
1431,0.00%,0.11%,0.04%,0.04%,0.02%,0.02%,99.24%,0.21%,0.12%,0.10%,0.01%,0.02%,0.03%,0.04%
1464,99.96%,0.01%,0.00%,0.00%,0.00%,0.00%,0.00%,0.00%,0.00%,0.02%,0.00%,0.00%,0.00%,0.00%
1468,0.05%,21.43%,0.74%,0.16%,0.25%,0.03%,0.00%,0.00%,0.00%,13.50%,0.00%,0.59%,5.83%,57.43%
1479,0.00%,19.34%,24.56%,41.52%,3.52%,0.01%,0.00%,0.00%,0.00%,1.23%,0.00%,1.67%,7.08%,1.06%
1481,0.00%,16.28%,8.27%,31.96%,24.37%,0.03%,0.00%,0.00%,0.00%,2.51%,0.00%,5.35%,0.54%,10.68%
1482,0.00%,0.00%,0.00%,0.00%,0.00%,100.00%,0.00%,0.00%,0.00%,0.00%,0.00%,0.00%,0.00%,0.00%
150,0.07%,5.58%,39.28%,1.25%,1.33%,9.00%,0.00%,0.00%,0.18%,17.63%,0.00%,0.31%,19.02%,6.33%
151,1.10%,13.73%,24.36%,9.58%,4.18%,0.06%,0.00%,0.00%,0.02%,0.10%,0.00%,0.01%,12.98%,33.87%
1512,0.00%,0.29%,7.54%,31.84%,54.74%,2.31%,0.00%,0.00%,0.03%,0.39%,0.00%,0.03%,1.91%,0.92%
152,0.08%,6.72%,14.03%,53.13%,14.82%,0.14%,0.00%,0.00%,0.09%,0.13%,0.00%,0.02%,4.81%,6.03%
1520,0.00%,41.43%,24.44%,21.46%,8.46%,0.07%,0.00%,0.00%,0.00%,0.80%,0.00%,0.40%,1.39%,1.54%
153,0.10%,11.03%,16.53%,5.59%,46.41%,1.27%,0.00%,0.00%,0.15%,0.53%,0.02%,0.10%,7.04%,11.24%
1553,0.00%,83.02%,0.21%,0.39%,0.12%,0.01%,0.00%,0.00%,0.00%,4.50%,0.00%,4.06%,2.78%,4.91%
1561,0.00%,55.52%,4.41%,0.93%,0.87%,0.01%,0.00%,0.00%,0.00%,1.60%,0.00%,3.63%,30.69%,2.34%
1565,0.00%,0.29%,10.69%,60.24%,27.05%,0.00%,0.00%,0.00%,0.00%,0.14%,0.00%,0.22%,0.82%,0.53%
1569,0.00%,0.63%,0.01%,0.00%,0.00%,0.00%,0.00%,0.00%,0.00%,7.35%,0.00%,91.82%,0.15%,0.03%
1598,0.00%,5.15%,2.71%,2.46%,0.30%,2.05%,0.00%,0.00%,0.02%,0.36%,85.23%,0.03%,1.22%,0.46%
1604,0.00%,8.33%,0.70%,0.48%,0.30%,0.40%,0.00%,0.00%,0.00%,0.04%,0.00%,0.17%,3.18%,86.41%
1620,100.00%,0.00%,0.00%,0.00%,0.00%,0.00%,0.00%,0.00%,0.00%,0.00%,0.00%,0.00%,0.00%,0.00%
1631,0.00%,4.24%,24.85%,41.18%,8.36%,0.06%,0.00%,0.00%,0.00%,2.12%,0.00%,0.06%,11.65%,7.48%
1637,0.00%,4.79%,1.87%,1.43%,1.40%,0.02%,0.00%,0.00%,0.00%,1.82%,0.00%,0.25%,69.42%,19.01%
1665,0.00%,4.33%,18.81%,1.96%,0.66%,0.04%,0.00%,0.00%,0.00%,3.39%,0.00%,0.20%,37.43%,33.18%
1675,5.13%,7.96%,33.25%,10.21%,25.25%,0.58%,7.54%,0.03%,3.05%,1.78%,0.62%,0.78%,2.35%,1.47%
1679,99.97%,0.00%,0.00%,0.00%,0.00%,0.00%,0.00%,0.00%,0.00%,0.00%,0.00%,0.00%,0.03%,0.00%
168,0.01%,14.60%,17.19%,0.68%,2.97%,15.29%,0.00%,0.00%,0.64%,17.85%,0.00%,0.02%,25.48%,5.27%
170,0.13%,18.67%,1.65%,6.58%,13.06%,0.58%,0.00%,0.00%,0.32%,2.53%,0.00%,9.62%,30.28%,16.57%
1709,0.00%,0.05%,0.09%,0.02%,0.06%,0.00%,0.00%,0.00%,0.00%,1.46%,0.00%,79.38%,12.49%,6.44%
1719,0.00%,0.00%,0.00%,0.00%,0.00%,0.00%,0.00%,0.00%,0.00%,0.00%,100.00%,0.00%,0.00%,0.00%
172,0.00%,0.97%,0.02%,0.02%,0.03%,98.56%,0.00%,0.00%,0.00%,0.16%,0.00%,0.00%,0.03%,0.21%
1753,0.00%,0.11%,96.20%,2.33%,0.77%,0.15%,0.00%,0.00%,0.00%,0.00%,0.00%,0.01%,0.38%,0.04%
1762,0.11%,80.33%,0.44%,0.11%,4.57%,0.11%,0.00%,0.00%,0.00%,1.95%,0.01%,9.85%,0.50%,2.03%
1790,0.00%,18.34%,5.36%,33.01%,41.73%,0.10%,0.00%,0.00%,0.00%,0.73%,0.00%,0.12%,0.29%,0.30%
1791,0.00%,0.00%,0.00%,0.00%,0.00%,100.00%,0.00%,0.00%,0.00%,0.00%,0.00%,0.00%,0.00%,0.00%
1807,0.00%,16.95%,1.10%,0.54%,0.63%,0.35%,0.00%,0.00%,1.96%,77.37%,0.01%,0.13%,0.67%,0.30%
1810,0.00%,1.21%,5.27%,0.82%,3.55%,0.16%,0.00%,0.00%,0.02%,0.83%,0.01%,0.66%,43.64%,43.83%
1833,0.00%,0.29%,5.18%,5.39%,86.05%,0.02%,0.00%,0.00%,0.00%,0.01%,0.00%,0.00%,0.75%,2.31%
1838,0.05%,47.32%,5.11%,3.15%,14.44%,0.11%,0.00%,0.00%,3.34%,13.37%,0.29%,2.44%,7.59%,2.78%
1841,0.00%,88.28%,0.14%,0.10%,0.16%,0.05%,0.00%,0.00%,1.42%,5.96%,0.01%,1.30%,0.65%,1.94%
1842,0.00%,0.31%,85.65%,12.08%,0.63%,0.60%,0.00%,0.00%,0.00%,0.63%,0.00%,0.01%,0.05%,0.04%
1850,0.00%,0.20%,20.81%,75.24%,2.71%,0.27%,0.00%,0.00%,0.00%,0.03%,0.00%,0.11%,0.20%,0.45%
1858,0.11%,1.46%,2.33%,2.31%,3.95%,0.91%,0.00%,0.00%,0.03%,0.19%,0.01%,0.06%,61.72%,26.93%
1878,0.00%,11.55%,1.65%,0.39%,0.72%,0.10%,0.00%,0.00%,0.00%,7.96%,0.00%,4.59%,43.76%,29.27%
189,0.00%,4.65%,17.06%,1.12%,0.46%,0.08%,0.00%,0.00%,0.00%,3.10%,0.00%,0.16%,17.30%,56.05%
1890,0.00%,0.05%,92.72%,4.80%,1.66%,0.06%,0.00%,0.00%,0.00%,0.00%,0.00%,0.00%,0.57%,0.13%
1897,0.00%,17.21%,0.82%,1.52%,3.48%,0.32%,0.00%,0.00%,0.00%,28.48%,0.00%,3.26%,29.61%,15.29%
1914,99.99%,0.00%,0.00%,0.00%,0.00%,0.00%,0.00%,0.00%,0.01%,0.00%,0.00%,0.00%,0.00%,0.00%
1934,0.00%,7.06%,59.74%,27.82%,0.41%,0.20%,0.00%,0.03%,0.02%,1.49%,0.03%,0.07%,2.94%,0.18%
1935,0.00%,49.92%,27.89%,4.23%,7.54%,0.15%,0.00%,0.03%,0.03%,3.50%,0.00%,0.02%,0.66%,6.02%
1940,0.00%,51.15%,3.92%,0.68%,0.18%,0.02%,0.00%,0.00%,0.00%,0.42%,0.00%,0.28%,40.84%,2.50%
1948,0.01%,2.21%,5.66%,1.86%,17.83%,0.04%,0.00%,0.00%,0.00%,60.30%,0.00%,0.57%,8.10%,3.43%
1950,0.00%,1.19%,9.78%,34.35%,36.94%,1.15%,0.00%,0.00%,0.00%,1.77%,0.00%,0.10%,1.10%,13.63%
1967,0.00%,11.70%,4.14%,4.57%,2.65%,0.28%,0.00%,0.00%,0.02%,0.04%,0.43%,0.29%,64.16%,11.71%
1975,0.00%,0.38%,0.07%,0.06%,0.07%,0.00%,0.00%,0.03%,0.00%,0.87%,0.00%,0.09%,49.51%,48.92%
1976,0.00%,0.52%,0.21%,0.18%,0.11%,0.01%,0.00%,0.02%,0.00%,1.60%,0.00%,0.15%,56.36%,40.84%
1993,0.00%,0.79%,0.02%,0.01%,0.02%,0.00%,0.00%,0.00%,0.00%,0.53%,0.00%,98.08%,0.47%,0.08%
1998,0.00%,0.05%,9.46%,41.37%,48.24%,0.01%,0.00%,0.00%,0.00%,0.04%,0.00%,0.04%,0.07%,0.72%
2004,0.00%,9.98%,0.63%,0.26%,0.73%,0.04%,0.00%,0.00%,0.00%,0.40%,0.00%,0.31%,47.43%,40.21%
2007,0.00%,0.04%,82.85%,3.20%,10.55%,0.05%,0.00%,0.00%,0.00%,0.12%,0.00%,0.96%,1.67%,0.55%
2008,0.00%,0.34%,11.56%,7.44%,77.91%,0.10%,0.00%,0.00%,0.00%,0.25%,0.00%,0.38%,0.85%,1.16%
2017,0.00%,1.03%,2.65%,81.26%,4.59%,0.15%,0.00%,0.00%,0.00%,1.73%,0.00%,0.36%,6.97%,1.25%
2018,0.00%,0.41%,12.86%,10.12%,67.13%,0.07%,0.00%,0.00%,0.00%,1.20%,0.00%,0.21%,5.04%,2.96%
203,0.00%,0.30%,4.32%,35.93%,30.21%,0.03%,0.00%,0.00%,0.02%,8.44%,0.01%,0.11%,20.17%,0.46%
2030,0.00%,0.00%,0.00%,0.00%,0.00%,100.00%,0.00%,0.00%,0.00%,0.00%,0.00%,0.00%,0.00%,0.00%
2036,0.00%,99.58%,0.04%,0.01%,0.05%,0.00%,0.00%,0.00%,0.00%,0.14%,0.00%,0.06%,0.11%,0.01%
2049,0.00%,0.36%,1.28%,4.06%,1.14%,91.48%,0.00%,0.00%,0.00%,0.20%,0.00%,0.17%,0.95%,0.36%
2051,0.04%,37.28%,1.36%,1.10%,2.03%,0.04%,0.00%,0.00%,8.51%,32.17%,0.01%,0.70%,16.19%,0.55%
2052,0.00%,45.74%,0.79%,0.11%,0.18%,0.06%,0.00%,0.00%,2.31%,5.40%,0.00%,11.52%,10.27%,23.62%
2061,1.19%,37.58%,0.63%,0.36%,0.09%,0.01%,0.00%,0.00%,0.00%,16.95%,0.00%,32.78%,9.59%,0.84%
2068,0.00%,0.28%,29.88%,54.40%,12.18%,0.07%,0.00%,0.00%,0.00%,0.93%,0.00%,0.42%,1.03%,0.82%
2075,0.00%,3.31%,54.78%,38.84%,2.09%,0.07%,0.00%,0.00%,0.00%,0.14%,0.00%,0.01%,0.46%,0.31%
2094,0.14%,2.59%,1.61%,5.32%,2.98%,0.03%,0.01%,0.13%,0.00%,14.33%,0.00%,0.17%,65.87%,6.83%
2097,0.00%,0.08%,1.49%,86.91%,10.93%,0.01%,0.00%,0.00%,0.00%,0.09%,0.00%,0.02%,0.40%,0.07%
2102,0.02%,5.34%,1.52%,6.39%,1.04%,30.45%,0.00%,0.00%,1.14%,39.65%,0.02%,2.78%,8.71%,2.93%
2105,0.00%,9.98%,0.79%,1.21%,0.48%,0.17%,0.00%,0.00%,0.04%,1.72%,0.00%,0.79%,11.07%,73.75%
2123,0.03%,70.85%,0.74%,6.05%,3.21%,0.03%,0.00%,0.00%,0.00%,1.84%,0.01%,0.53%,12.06%,4.64%
2141,0.00%,2.26%,0.07%,0.12%,0.10%,0.00%,0.00%,0.00%,0.00%,0.38%,0.00%,0.27%,80.15%,16.65%
2147,0.02%,3.11%,0.23%,0.06%,0.05%,0.15%,0.00%,0.00%,87.22%,0.50%,0.00%,0.44%,7.36%,0.85%
2155,97.91%,1.08%,0.05%,0.06%,0.30%,0.01%,0.00%,0.00%,0.00%,0.52%,0.00%,0.03%,0.03%,0.02%
2157,0.00%,2.38%,7.30%,0.22%,0.20%,0.09%,0.00%,0.00%,0.00%,87.00%,0.00%,1.76%,0.27%,0.77%
2186,0.00%,1.03%,10.58%,1.83%,40.69%,0.71%,0.00%,0.00%,0.00%,1.77%,0.00%,15.05%,15.38%,12.95%
2211,0.01%,33.95%,4.13%,23.53%,8.35%,0.25%,0.00%,0.00%,2.07%,4.33%,0.00%,0.63%,8.84%,13.90%
2213,61.08%,30.91%,0.14%,0.05%,0.02%,0.01%,0.00%,0.00%,0.00%,1.51%,0.00%,5.08%,0.19%,1.02%
2224,0.02%,4.19%,1.52%,1.10%,1.85%,0.02%,0.00%,0.00%,0.13%,57.55%,0.00%,3.28%,27.36%,2.96%
2251,100.00%,0.00%,0.00%,0.00%,0.00%,0.00%,0.00%,0.00%,0.00%,0.00%,0.00%,0.00%,0.00%,0.00%
226,0.00%,34.27%,0.59%,0.38%,0.17%,0.02%,0.00%,0.00%,0.00%,1.89%,0.00%,0.63%,47.24%,14.79%
2294,100.00%,0.00%,0.00%,0.00%,0.00%,0.00%,0.00%,0.00%,0.00%,0.00%,0.00%,0.00%,0.00%,0.00%
2304,0.00%,1.60%,0.74%,4.70%,22.54%,0.10%,0.00%,0.00%,46.30%,14.34%,0.09%,0.35%,8.70%,0.53%
2311,0.00%,0.01%,0.00%,0.00%,0.00%,99.92%,0.00%,0.00%,0.00%,0.02%,0.00%,0.01%,0.01%,0.03%
2323,0.03%,5.14%,1.43%,2.32%,4.49%,0.28%,0.00%,0.00%,0.00%,15.33%,0.00%,56.73%,10.96%,3.27%
234,0.00%,1.63%,0.16%,0.88%,0.34%,0.02%,0.00%,0.00%,0.00%,35.72%,0.00%,53.19%,2.67%,5.39%
2355,0.01%,15.13%,1.30%,1.97%,0.42%,0.02%,0.00%,0.00%,0.00%,5.82%,0.00%,0.04%,75.06%,0.25%
2356,0.00%,1.15%,0.18%,1.43%,0.48%,0.01%,0.00%,0.00%,0.00%,0.00%,0.00%,0.01%,5.23%,91.51%
2386,0.00%,57.52%,4.54%,11.25%,14.77%,0.29%,0.00%,0.00%,0.00%,0.24%,0.00%,0.77%,2.00%,8.61%
2392,0.00%,0.26%,0.31%,0.07%,0.44%,0.02%,0.00%,0.00%,0.00%,0.15%,0.00%,0.08%,33.68%,64.98%
2410,0.00%,0.46%,18.42%,61.87%,10.77%,2.04%,0.03%,0.00%,0.00%,0.73%,0.00%,0.01%,3.91%,1.75%
2429,0.00%,9.24%,2.29%,1.25%,1.47%,0.22%,0.17%,0.28%,11.54%,46.02%,0.06%,0.89%,1.18%,25.39%
2436,0.00%,0.28%,62.03%,8.50%,27.55%,0.01%,0.00%,0.00%,0.00%,0.01%,0.00%,0.01%,0.30%,1.31%
2472,100.00%,0.00%,0.00%,0.00%,0.00%,0.00%,0.00%,0.00%,0.00%,0.00%,0.00%,0.00%,0.00%,0.00%
2487,0.00%,29.23%,1.20%,6.17%,7.75%,0.34%,0.00%,0.00%,0.00%,1.19%,0.00%,2.83%,38.47%,12.82%
2497,0.00%,0.12%,0.21%,0.17%,1.38%,0.02%,0.00%,0.00%,0.00%,1.52%,0.00%,1.02%,46.49%,49.06%
2498,0.00%,2.40%,0.24%,0.35%,0.63%,0.01%,0.00%,0.00%,0.00%,29.22%,0.00%,61.50%,0.51%,5.16%
2505,0.00%,7.34%,3.11%,4.07%,3.09%,0.03%,0.00%,0.00%,0.00%,8.89%,0.00%,14.21%,17.10%,42.17%
2506,0.00%,22.69%,8.63%,18.44%,27.25%,0.06%,0.00%,0.00%,0.00%,0.32%,0.00%,0.21%,18.59%,3.81%
2509,0.00%,0.30%,1.97%,63.83%,20.58%,0.76%,0.00%,0.00%,0.00%,0.09%,0.00%,0.07%,0.23%,12.17%
251,0.00%,1.20%,5.46%,30.88%,58.23%,0.42%,0.00%,0.00%,0.00%,1.22%,0.00%,1.65%,0.23%,0.70%
2514,0.00%,4.02%,8.73%,0.74%,2.12%,0.04%,0.00%,0.00%,0.00%,1.57%,0.00%,0.35%,38.78%,43.65%
2539,0.00%,5.13%,8.70%,25.31%,58.22%,0.06%,0.00%,0.00%,0.02%,0.21%,0.00%,0.01%,1.24%,1.09%
2555,0.00%,98.86%,0.03%,0.09%,0.36%,0.01%,0.00%,0.00%,0.00%,0.02%,0.00%,0.06%,0.07%,0.49%
2570,99.99%,0.00%,0.00%,0.00%,0.00%,0.00%,0.00%,0.00%,0.01%,0.00%,0.00%,0.00%,0.00%,0.00%
258,0.11%,59.72%,0.18%,0.07%,0.11%,0.01%,0.00%,0.00%,0.00%,32.25%,0.00%,5.60%,1.43%,0.53%
2594,0.00%,4.92%,1.65%,0.54%,0.35%,3.99%,0.00%,0.10%,0.35%,14.50%,0.11%,0.40%,33.14%,39.95%
2625,0.00%,3.41%,1.15%,0.32%,0.73%,0.06%,0.00%,0.00%,0.06%,0.52%,0.00%,0.99%,2.37%,90.38%
2642,100.00%,0.00%,0.00%,0.00%,0.00%,0.00%,0.00%,0.00%,0.00%,0.00%,0.00%,0.00%,0.00%,0.00%
2647,0.00%,93.00%,0.06%,0.16%,0.08%,0.00%,0.00%,0.00%,0.00%,5.19%,0.00%,0.23%,1.22%,0.06%
2656,0.00%,2.59%,3.40%,4.79%,64.04%,0.16%,0.00%,0.00%,0.00%,0.37%,0.00%,0.10%,10.72%,13.82%
2666,0.00%,41.71%,3.16%,2.08%,7.58%,0.25%,0.00%,0.00%,0.00%,0.14%,0.00%,0.26%,34.76%,10.07%
2668,0.00%,1.05%,1.46%,3.50%,0.08%,46.24%,0.00%,0.00%,0.00%,0.22%,0.00%,10.16%,35.71%,1.59%
2687,0.00%,0.05%,10.31%,51.77%,27.16%,9.74%,0.00%,0.00%,0.00%,0.00%,0.00%,0.00%,0.30%,0.67%
2695,0.04%,1.45%,0.83%,0.41%,5.05%,0.07%,56.30%,3.57%,0.03%,27.80%,0.03%,0.04%,1.04%,3.35%
2700,0.00%,90.81%,7.45%,0.55%,0.66%,0.14%,0.00%,0.00%,0.01%,0.03%,0.00%,0.01%,0.23%,0.10%
2720,0.00%,11.75%,1.81%,8.31%,74.43%,0.24%,0.00%,0.00%,0.00%,1.02%,0.00%,0.37%,1.60%,0.45%
2736,0.00%,3.39%,0.56%,0.41%,2.06%,0.12%,72.77%,0.01%,0.40%,9.81%,0.04%,0.20%,0.42%,9.80%
2757,0.00%,3.50%,27.97%,17.64%,19.29%,0.07%,0.00%,0.00%,0.00%,4.37%,0.00%,0.37%,13.06%,13.72%
2770,0.02%,2.78%,13.25%,30.05%,29.99%,0.57%,0.00%,0.00%,0.71%,7.02%,0.04%,0.76%,8.10%,6.72%
2781,0.00%,0.00%,0.00%,0.00%,0.00%,100.00%,0.00%,0.00%,0.00%,0.00%,0.00%,0.00%,0.00%,0.00%
2793,0.00%,0.27%,0.00%,0.00%,0.01%,0.00%,0.00%,0.00%,98.98%,0.71%,0.00%,0.00%,0.01%,0.02%
2797,98.71%,0.83%,0.00%,0.00%,0.00%,0.00%,0.00%,0.00%,0.00%,0.38%,0.00%,0.05%,0.02%,0.00%
2798,0.00%,51.99%,0.75%,0.33%,1.20%,0.09%,0.00%,0.00%,0.00%,6.97%,0.00%,1.20%,21.45%,16.01%
2803,0.00%,36.35%,12.23%,20.40%,1.37%,0.64%,0.00%,0.00%,0.00%,0.41%,0.00%,1.49%,20.62%,6.50%
2805,0.00%,3.31%,2.35%,77.94%,14.03%,0.14%,0.00%,0.00%,0.00%,0.08%,0.00%,0.31%,0.26%,1.58%
2807,99.72%,0.06%,0.01%,0.00%,0.01%,0.00%,0.00%,0.00%,0.00%,0.07%,0.00%,0.00%,0.08%,0.05%
2820,0.00%,0.41%,0.07%,0.09%,0.02%,0.00%,0.00%,0.00%,0.00%,6.37%,0.00%,91.90%,1.05%,0.07%
2823,0.01%,14.55%,1.23%,4.28%,0.62%,0.05%,0.00%,0.00%,0.00%,2.82%,0.00%,6.64%,54.67%,15.14%
2826,0.00%,0.00%,0.06%,0.27%,99.64%,0.01%,0.00%,0.00%,0.00%,0.00%,0.00%,0.00%,0.00%,0.01%
2837,99.86%,0.00%,0.00%,0.00%,0.00%,0.01%,0.00%,0.00%,0.09%,0.00%,0.00%,0.00%,0.00%,0.04%
2841,0.01%,8.04%,3.37%,8.04%,1.70%,2.72%,0.00%,0.00%,10.88%,0.43%,1.63%,4.62%,17.80%,40.75%
2886,0.00%,2.15%,0.52%,0.25%,0.35%,0.02%,0.00%,0.00%,0.00%,2.95%,0.00%,7.38%,72.82%,13.56%
2910,0.00%,0.64%,19.01%,64.05%,15.33%,0.02%,0.00%,0.00%,0.00%,0.11%,0.00%,0.01%,0.72%,0.12%
2920,100.00%,0.00%,0.00%,0.00%,0.00%,0.00%,0.00%,0.00%,0.00%,0.00%,0.00%,0.00%,0.00%,0.00%
2938,0.00%,88.12%,1.13%,0.19%,0.23%,0.01%,0.00%,0.00%,0.01%,1.82%,0.00%,0.86%,4.63%,3.00%
294,0.00%,5.15%,18.49%,12.88%,35.57%,0.22%,0.00%,0.00%,0.00%,2.24%,0.00%,0.12%,20.06%,5.27%
2958,0.01%,56.14%,12.84%,1.25%,16.94%,0.23%,0.00%,0.00%,0.00%,2.29%,0.01%,2.18%,6.08%,2.05%
2964,0.00%,0.32%,75.80%,1.84%,10.30%,0.05%,0.00%,0.00%,0.00%,0.06%,0.00%,0.00%,0.65%,10.98%
2976,0.00%,0.65%,0.10%,0.07%,0.07%,0.00%,0.00%,0.00%,0.00%,97.33%,0.00%,0.12%,1.24%,0.41%
2980,0.00%,74.62%,5.28%,2.83%,0.43%,0.62%,0.00%,0.00%,0.00%,1.88%,0.00%,0.20%,13.08%,1.05%
2981,0.00%,42.16%,20.80%,5.84%,0.60%,0.62%,0.00%,0.00%,0.00%,0.13%,0.00%,0.34%,27.20%,2.32%
2982,0.00%,32.78%,9.83%,4.75%,3.24%,2.59%,0.00%,0.00%,0.00%,0.32%,0.00%,0.16%,42.10%,4.22%
2994,100.00%,0.00%,0.00%,0.00%,0.00%,0.00%,0.00%,0.00%,0.00%,0.00%,0.00%,0.00%,0.00%,0.00%
3005,6.33%,0.06%,0.10%,0.01%,0.01%,0.25%,92.25%,0.07%,0.68%,0.10%,0.00%,0.01%,0.02%,0.11%
3006,0.02%,5.61%,4.14%,7.58%,0.91%,4.47%,63.70%,0.04%,1.23%,11.44%,0.06%,0.10%,0.25%,0.44%
3008,0.01%,4.36%,0.82%,0.63%,5.52%,0.05%,0.00%,0.00%,0.00%,75.09%,0.00%,0.39%,12.81%,0.32%
3013,0.00%,18.77%,11.77%,55.33%,1.72%,1.22%,0.00%,0.00%,0.00%,0.11%,0.00%,0.13%,9.67%,1.28%
3019,0.00%,7.84%,0.10%,0.41%,0.37%,0.00%,0.00%,0.00%,0.00%,34.51%,0.00%,50.27%,5.34%,1.16%
302,0.00%,0.03%,0.00%,0.01%,0.04%,0.00%,0.00%,0.00%,0.00%,0.84%,0.00%,81.69%,1.61%,15.77%
3020,0.00%,0.54%,0.17%,0.21%,0.15%,0.01%,0.00%,0.00%,0.00%,0.03%,0.00%,0.19%,18.03%,80.67%
3021,0.00%,0.10%,0.07%,0.07%,0.14%,0.00%,0.00%,0.00%,0.00%,0.06%,0.00%,0.04%,1.78%,97.73%
3023,0.00%,0.68%,10.15%,65.03%,17.47%,0.01%,0.00%,0.00%,0.00%,0.11%,0.00%,4.74%,1.73%,0.08%
3029,0.00%,0.67%,0.39%,0.17%,0.07%,0.22%,0.00%,0.00%,0.00%,8.90%,0.00%,67.40%,20.46%,1.71%
3037,100.00%,0.00%,0.00%,0.00%,0.00%,0.00%,0.00%,0.00%,0.00%,0.00%,0.00%,0.00%,0.00%,0.00%
3039,0.00%,13.36%,0.29%,0.27%,0.54%,0.01%,0.00%,0.00%,0.00%,19.67%,0.00%,20.27%,17.70%,27.89%
3042,0.00%,52.89%,0.09%,0.25%,0.20%,0.05%,0.00%,0.00%,0.00%,5.69%,0.00%,24.77%,9.81%,6.25%
3045,0.00%,1.30%,15.49%,76.40%,4.49%,0.33%,0.00%,0.00%,0.00%,0.17%,0.00%,0.02%,0.85%,0.96%
3046,0.00%,0.00%,0.00%,0.00%,0.00%,100.00%,0.00%,0.00%,0.00%,0.00%,0.00%,0.00%,0.00%,0.00%
3052,0.00%,68.86%,1.61%,0.49%,0.13%,0.03%,0.00%,0.00%,0.00%,6.23%,0.00%,0.31%,20.10%,2.25%
3057,0.00%,3.42%,2.25%,2.25%,2.25%,0.16%,24.18%,21.54%,0.00%,20.05%,0.02%,0.10%,0.49%,23.28%
3062,0.00%,29.32%,21.68%,20.09%,19.51%,0.27%,0.00%,0.04%,0.00%,3.32%,0.23%,1.04%,1.50%,2.98%
3078,0.00%,22.89%,0.51%,0.26%,0.09%,0.01%,0.00%,0.00%,0.00%,26.28%,0.00%,44.79%,4.63%,0.53%
3096,0.00%,2.01%,0.11%,0.06%,0.03%,0.00%,0.00%,0.00%,0.00%,14.95%,0.00%,0.77%,19.27%,62.78%
312,0.02%,3.33%,0.13%,0.08%,0.10%,0.00%,0.00%,0.00%,0.00%,46.74%,0.00%,47.93%,1.39%,0.28%
3132,0.00%,0.01%,0.00%,0.00%,0.00%,99.98%,0.00%,0.00%,0.00%,0.01%,0.00%,0.00%,0.00%,0.00%
3141,0.00%,0.91%,22.26%,37.54%,30.82%,0.02%,0.00%,0.00%,0.00%,0.18%,0.00%,0.11%,5.52%,2.63%
3147,0.02%,8.00%,45.85%,2.12%,2.62%,28.57%,0.00%,0.00%,0.01%,2.24%,0.00%,0.17%,9.11%,1.30%
3152,100.00%,0.00%,0.00%,0.00%,0.00%,0.00%,0.00%,0.00%,0.00%,0.00%,0.00%,0.00%,0.00%,0.00%
3153,0.05%,0.15%,0.80%,0.15%,0.34%,0.01%,0.00%,0.00%,55.16%,20.38%,0.00%,21.40%,0.19%,1.37%
316,0.00%,0.17%,41.20%,29.20%,18.05%,2.15%,0.00%,0.00%,0.00%,0.10%,0.00%,0.28%,1.61%,7.26%
317,0.00%,0.06%,10.64%,60.52%,18.37%,0.23%,0.00%,0.00%,0.00%,0.07%,0.00%,0.15%,0.31%,9.64%
3185,0.00%,0.13%,0.02%,0.00%,0.06%,0.00%,0.00%,0.00%,0.00%,0.00%,99.69%,0.00%,0.09%,0.00%
3187,0.01%,84.34%,0.46%,0.10%,0.69%,0.10%,0.00%,0.00%,0.15%,0.53%,0.02%,1.90%,6.41%,5.27%
3194,0.00%,1.15%,0.33%,0.12%,0.44%,0.01%,0.00%,0.00%,90.26%,6.26%,0.00%,0.01%,1.25%,0.18%
3195,0.00%,0.70%,0.32%,0.49%,0.12%,1.69%,0.00%,0.00%,0.57%,94.37%,0.00%,1.03%,0.42%,0.29%
3205,0.00%,92.83%,0.17%,0.26%,0.29%,0.64%,0.00%,0.00%,0.00%,4.76%,0.00%,0.06%,0.26%,0.73%
3222,0.00%,0.27%,7.37%,8.96%,80.03%,0.18%,0.00%,0.00%,0.00%,0.43%,0.00%,0.04%,0.98%,1.75%
3227,0.01%,3.99%,35.57%,20.35%,27.02%,0.22%,0.03%,0.04%,0.00%,7.53%,1.50%,0.32%,1.62%,1.80%
3230,0.00%,46.88%,11.54%,4.58%,1.67%,1.42%,0.01%,18.84%,0.00%,1.22%,0.03%,0.02%,12.13%,1.67%
324,0.00%,3.07%,6.29%,2.95%,7.10%,0.24%,0.00%,0.00%,0.00%,1.69%,0.00%,10.70%,33.41%,34.54%
3271,0.03%,2.93%,0.15%,2.36%,20.09%,0.08%,0.00%,0.00%,0.00%,0.74%,0.00%,0.11%,35.67%,37.83%
3275,0.00%,0.24%,1.72%,28.75%,68.04%,0.01%,0.00%,0.00%,0.00%,0.95%,0.00%,0.04%,0.19%,0.06%
3276,0.00%,0.34%,0.01%,0.77%,10.21%,82.61%,0.00%,0.00%,0.00%,5.47%,0.00%,0.08%,0.18%,0.32%
328,0.00%,0.05%,0.60%,13.28%,85.06%,0.02%,0.00%,0.00%,0.00%,0.11%,0.00%,0.02%,0.40%,0.47%
3293,53.44%,0.73%,0.13%,0.11%,0.22%,0.04%,43.22%,0.14%,0.31%,0.43%,0.00%,0.88%,0.25%,0.10%
3299,0.00%,7.21%,2.29%,0.82%,0.13%,0.01%,0.00%,0.00%,0.00%,69.69%,0.00%,0.93%,13.82%,5.08%
331,0.15%,0.33%,0.09%,0.31%,0.40%,0.01%,0.00%,0.00%,0.00%,97.20%,0.00%,0.78%,0.28%,0.46%
3323,0.01%,7.85%,0.65%,0.46%,0.35%,0.03%,0.00%,0.00%,0.00%,9.02%,0.00%,6.95%,59.92%,14.75%
3330,0.00%,1.76%,1.74%,87.08%,6.44%,0.07%,0.00%,0.00%,0.00%,0.61%,0.01%,0.20%,1.54%,0.55%
3339,0.00%,0.91%,9.47%,10.11%,63.78%,0.84%,0.00%,0.00%,0.00%,4.07%,0.00%,0.22%,3.44%,7.13%
3340,0.00%,0.21%,3.75%,41.07%,53.61%,0.15%,0.00%,0.00%,0.00%,0.44%,0.00%,0.02%,0.24%,0.51%
3345,0.00%,3.88%,0.84%,0.47%,0.41%,0.01%,0.00%,0.00%,0.00%,63.17%,0.00%,23.81%,5.79%,1.63%
3363,23.20%,12.65%,17.10%,23.27%,9.67%,1.19%,0.26%,0.13%,2.08%,1.65%,0.18%,0.38%,4.87%,3.37%
3364,10.17%,6.43%,11.45%,40.51%,19.54%,1.34%,0.07%,0.91%,4.54%,1.08%,0.08%,0.13%,1.57%,2.18%
3365,2.38%,55.90%,6.93%,5.46%,7.27%,0.96%,0.37%,0.02%,9.04%,1.27%,2.54%,0.72%,4.45%,2.70%
3367,0.00%,0.56%,0.01%,0.04%,0.02%,0.00%,0.00%,0.00%,0.00%,97.47%,0.00%,0.07%,0.72%,1.12%
3375,0.00%,0.82%,1.86%,4.10%,2.73%,89.86%,0.00%,0.00%,0.00%,0.01%,0.00%,0.00%,0.12%,0.51%
3383,0.00%,8.56%,20.09%,54.35%,0.18%,0.12%,0.00%,0.00%,0.00%,0.00%,0.00%,0.01%,7.51%,9.18%
3388,0.00%,1.96%,6.01%,8.24%,0.72%,0.02%,0.00%,0.00%,0.00%,1.03%,0.00%,1.01%,71.17%,9.83%
3398,0.00%,22.72%,6.57%,1.12%,6.34%,0.03%,0.00%,0.00%,0.00%,8.35%,0.00%,21.30%,20.70%,12.86%
3405,0.00%,0.19%,6.78%,4.62%,6.60%,0.01%,0.00%,0.00%,0.00%,78.68%,0.00%,0.46%,0.34%,2.32%
341,0.00%,0.44%,48.27%,39.36%,4.97%,0.04%,0.01%,0.10%,0.00%,3.67%,0.00%,1.14%,1.45%,0.56%
3440,0.00%,14.31%,56.29%,20.56%,3.23%,0.03%,0.00%,0.00%,0.00%,1.03%,0.00%,0.75%,3.66%,0.14%
3458,0.00%,0.18%,0.01%,0.01%,0.01%,0.00%,0.00%,0.00%,0.00%,98.07%,0.00%,1.57%,0.08%,0.06%
3468,0.01%,0.01%,0.00%,0.00%,0.00%,0.00%,0.00%,0.00%,0.00%,98.93%,0.00%,1.05%,0.00%,0.00%
3469,0.00%,0.02%,0.01%,0.00%,0.00%,0.00%,0.00%,0.00%,0.00%,84.31%,0.00%,15.63%,0.02%,0.00%
348,0.00%,0.95%,12.29%,79.83%,6.01%,0.27%,0.00%,0.01%,0.00%,0.11%,0.00%,0.01%,0.21%,0.30%
3483,0.00%,0.32%,29.85%,49.91%,13.01%,1.48%,0.00%,0.00%,0.00%,0.41%,0.00%,0.21%,1.16%,3.66%
3486,6.21%,5.86%,1.91%,2.25%,2.08%,0.02%,0.00%,0.00%,0.00%,67.40%,0.00%,5.44%,1.56%,7.24%
3499,0.00%,1.12%,9.93%,66.47%,3.39%,0.01%,0.00%,0.00%,0.00%,10.97%,0.00%,0.04%,7.48%,0.58%
350,100.00%,0.00%,0.00%,0.00%,0.00%,0.00%,0.00%,0.00%,0.00%,0.00%,0.00%,0.00%,0.00%,0.00%
3500,0.00%,1.23%,6.68%,18.62%,27.27%,0.46%,0.00%,0.00%,0.04%,5.98%,0.03%,0.25%,14.37%,25.07%
3509,0.00%,97.46%,0.07%,0.05%,0.14%,0.08%,0.00%,0.00%,0.00%,0.46%,0.00%,1.55%,0.08%,0.11%
3516,0.00%,9.77%,0.84%,2.98%,1.02%,0.07%,0.00%,0.00%,0.00%,3.55%,0.00%,0.37%,36.92%,44.46%
3525,99.89%,0.01%,0.00%,0.00%,0.00%,0.00%,0.00%,0.00%,0.00%,0.09%,0.00%,0.00%,0.00%,0.01%
3532,0.00%,0.02%,7.23%,63.17%,29.26%,0.03%,0.00%,0.00%,0.00%,0.05%,0.00%,0.02%,0.13%,0.08%
356,99.99%,0.01%,0.00%,0.00%,0.00%,0.00%,0.00%,0.00%,0.00%,0.00%,0.00%,0.00%,0.00%,0.00%
3570,0.00%,0.86%,0.34%,0.42%,0.23%,0.02%,0.00%,0.01%,0.00%,13.43%,0.00%,6.12%,14.65%,63.93%
3571,0.00%,40.01%,0.42%,0.63%,0.53%,0.08%,0.00%,0.00%,0.00%,27.35%,0.00%,11.87%,11.41%,7.70%
3582,0.00%,0.58%,17.97%,37.74%,26.98%,0.10%,0.00%,0.00%,0.00%,0.89%,0.00%,0.45%,11.25%,4.04%
3595,0.00%,0.28%,80.04%,13.30%,3.63%,0.37%,0.00%,0.00%,0.00%,0.43%,0.00%,0.02%,0.23%,1.71%
3599,0.00%,0.57%,0.27%,0.11%,0.14%,0.02%,0.00%,0.00%,0.00%,11.81%,0.00%,82.01%,3.76%,1.30%
3614,0.00%,11.83%,11.67%,14.93%,56.63%,3.07%,0.00%,0.00%,0.00%,0.13%,0.02%,0.06%,0.50%,1.15%
3650,0.00%,3.82%,28.19%,47.39%,12.92%,0.08%,0.00%,0.00%,0.00%,0.68%,0.00%,0.15%,4.93%,1.84%
3653,0.00%,0.01%,0.01%,0.00%,0.01%,99.71%,0.00%,0.00%,0.00%,0.02%,0.00%,0.00%,0.05%,0.19%
3656,0.02%,0.96%,0.11%,0.11%,0.20%,0.01%,0.00%,0.00%,0.00%,26.32%,0.00%,70.44%,1.50%,0.32%
3674,0.00%,25.23%,0.99%,2.59%,1.39%,0.15%,0.00%,0.00%,0.00%,19.43%,0.00%,1.30%,25.66%,23.25%
3721,0.18%,0.45%,14.96%,2.91%,8.60%,8.26%,0.00%,0.00%,0.01%,0.33%,0.02%,45.88%,8.90%,9.50%
373,0.00%,3.03%,0.73%,5.06%,69.88%,0.07%,0.00%,0.00%,0.00%,4.09%,0.00%,13.65%,0.53%,2.96%
3733,0.00%,0.02%,0.30%,0.04%,0.00%,1.78%,0.00%,0.00%,0.01%,1.81%,0.00%,89.15%,6.64%,0.26%
3741,100.00%,0.00%,0.00%,0.00%,0.00%,0.00%,0.00%,0.00%,0.00%,0.00%,0.00%,0.00%,0.00%,0.00%
3768,0.11%,22.88%,6.64%,1.41%,1.18%,0.07%,0.02%,0.10%,0.00%,51.22%,0.00%,0.21%,9.90%,6.26%
3775,0.00%,0.38%,4.21%,75.20%,15.06%,0.36%,0.00%,0.00%,0.00%,0.45%,0.00%,0.00%,4.12%,0.22%
3784,0.00%,1.24%,7.32%,79.34%,7.56%,0.09%,0.00%,0.00%,0.00%,0.01%,0.00%,0.00%,3.35%,1.09%
3786,0.00%,0.00%,0.00%,0.00%,0.00%,100.00%,0.00%,0.00%,0.00%,0.00%,0.00%,0.00%,0.00%,0.00%
3787,99.61%,0.06%,0.00%,0.00%,0.00%,0.00%,0.00%,0.00%,0.00%,0.28%,0.00%,0.03%,0.00%,0.01%
3807,100.00%,0.00%,0.00%,0.00%,0.00%,0.00%,0.00%,0.00%,0.00%,0.00%,0.00%,0.00%,0.00%,0.00%
3808,0.03%,0.03%,0.00%,0.01%,0.01%,0.00%,0.00%,0.00%,0.00%,96.35%,0.00%,3.25%,0.13%,0.18%
3820,0.00%,0.06%,0.05%,0.15%,0.08%,0.03%,0.00%,0.00%,0.40%,2.63%,0.00%,96.16%,0.23%,0.21%
3821,0.01%,1.61%,2.42%,27.97%,6.76%,0.20%,0.00%,0.00%,0.06%,1.50%,0.00%,0.19%,13.10%,46.17%
3823,0.00%,0.22%,0.08%,0.43%,0.18%,98.43%,0.00%,0.00%,0.00%,0.54%,0.00%,0.01%,0.03%,0.07%
3834,0.00%,1.83%,47.79%,5.07%,3.65%,0.09%,0.00%,0.00%,0.00%,3.40%,0.00%,1.43%,6.17%,30.55%
3842,0.00%,1.37%,20.36%,50.09%,1.26%,0.05%,0.00%,0.00%,0.00%,5.46%,0.00%,1.03%,13.43%,6.94%
3861,0.01%,7.90%,2.90%,0.30%,0.92%,0.04%,0.00%,0.00%,0.00%,51.80%,0.00%,6.33%,7.67%,22.13%
3871,0.00%,0.15%,0.00%,0.01%,0.01%,0.00%,0.00%,0.00%,0.00%,7.54%,0.00%,91.26%,0.10%,0.92%
3886,0.00%,0.01%,7.76%,5.53%,86.58%,0.02%,0.00%,0.00%,0.00%,0.02%,0.00%,0.01%,0.04%,0.02%
3898,0.00%,0.00%,0.00%,0.00%,0.00%,100.00%,0.00%,0.00%,0.00%,0.00%,0.00%,0.00%,0.00%,0.00%
3899,99.98%,0.00%,0.00%,0.00%,0.00%,0.00%,0.00%,0.00%,0.00%,0.00%,0.00%,0.00%,0.01%,0.00%
3906,0.00%,0.38%,2.91%,63.44%,1.39%,0.31%,0.00%,0.00%,0.00%,0.01%,0.00%,0.08%,0.25%,31.22%
3921,0.00%,30.67%,68.53%,0.14%,0.21%,0.25%,0.00%,0.00%,0.00%,0.06%,0.01%,0.00%,0.03%,0.10%
3922,0.00%,1.43%,0.65%,12.82%,6.21%,70.83%,0.02%,0.01%,0.00%,0.04%,0.01%,0.09%,2.04%,5.86%
3923,99.99%,0.01%,0.00%,0.00%,0.00%,0.00%,0.00%,0.00%,0.00%,0.00%,0.00%,0.00%,0.00%,0.00%
3932,0.00%,0.00%,0.00%,0.00%,0.00%,100.00%,0.00%,0.00%,0.00%,0.00%,0.00%,0.00%,0.00%,0.00%
3941,0.00%,0.56%,7.16%,9.41%,77.69%,0.08%,0.00%,0.00%,0.00%,3.87%,0.00%,0.16%,0.53%,0.54%
3946,0.00%,2.77%,0.18%,0.08%,0.04%,0.00%,0.00%,0.00%,0.00%,1.85%,0.00%,0.53%,22.17%,72.39%
395,99.95%,0.00%,0.01%,0.00%,0.00%,0.00%,0.00%,0.00%,0.00%,0.01%,0.00%,0.00%,0.02%,0.00%
3950,0.00%,0.66%,63.37%,26.66%,2.74%,0.03%,0.00%,0.00%,0.00%,0.17%,0.00%,0.09%,2.27%,4.02%
3951,0.00%,0.49%,17.61%,54.52%,22.14%,0.03%,0.00%,0.00%,0.00%,0.21%,0.00%,0.05%,3.98%,0.97%
3969,0.00%,96.09%,0.03%,0.02%,0.01%,0.20%,0.00%,0.00%,0.00%,2.75%,0.00%,0.52%,0.30%,0.06%
3973,0.01%,0.89%,3.33%,11.25%,12.15%,0.47%,0.00%,0.00%,2.82%,24.00%,0.04%,0.63%,2.85%,41.58%
3978,0.00%,18.41%,11.76%,2.54%,3.94%,0.30%,0.00%,0.00%,0.10%,15.85%,0.01%,0.41%,43.65%,3.01%
3982,0.00%,0.00%,0.00%,0.00%,0.00%,0.00%,99.88%,0.11%,0.00%,0.01%,0.00%,0.00%,0.00%,0.00%
4005,0.00%,0.00%,0.00%,0.00%,0.00%,100.00%,0.00%,0.00%,0.00%,0.00%,0.00%,0.00%,0.00%,0.00%
4034,0.00%,0.16%,1.45%,41.00%,54.48%,0.00%,0.00%,0.00%,0.00%,0.18%,0.00%,1.80%,0.14%,0.78%
4071,0.01%,1.54%,0.07%,0.08%,0.28%,0.00%,0.00%,0.00%,0.00%,97.24%,0.00%,0.02%,0.62%,0.14%
4079,0.00%,0.00%,0.00%,0.00%,0.00%,100.00%,0.00%,0.00%,0.00%,0.00%,0.00%,0.00%,0.00%,0.00%
411,0.00%,15.21%,9.69%,37.28%,9.97%,11.89%,0.00%,0.00%,0.00%,2.50%,0.00%,8.05%,3.57%,1.83%
4114,0.02%,1.17%,0.01%,0.19%,4.14%,0.08%,0.00%,0.00%,0.12%,0.16%,0.11%,0.07%,23.25%,70.68%
4118,0.00%,0.34%,38.83%,38.54%,19.74%,0.09%,0.00%,0.00%,0.00%,0.98%,0.00%,0.26%,0.26%,0.96%
412,0.00%,13.21%,6.18%,36.05%,16.31%,9.48%,0.00%,0.00%,0.00%,2.01%,0.00%,9.03%,3.42%,4.29%
4132,0.00%,22.68%,0.26%,0.59%,0.72%,0.05%,0.00%,0.00%,0.00%,7.81%,0.00%,14.65%,50.18%,3.05%
4134,0.00%,76.97%,8.00%,8.74%,2.92%,0.03%,0.00%,0.00%,0.00%,0.08%,0.00%,0.22%,0.86%,2.18%
4144,0.00%,0.20%,51.33%,30.36%,9.32%,0.02%,0.00%,0.00%,0.00%,0.06%,0.00%,0.03%,7.14%,1.53%
4146,0.00%,0.08%,2.58%,2.89%,93.39%,0.00%,0.00%,0.00%,0.00%,0.08%,0.00%,0.01%,0.18%,0.80%
4152,0.00%,0.04%,0.06%,0.19%,0.02%,0.04%,0.00%,0.00%,0.00%,0.00%,0.00%,0.02%,0.03%,99.60%
4156,0.00%,0.06%,2.85%,30.16%,66.46%,0.01%,0.00%,0.00%,0.00%,0.02%,0.00%,0.04%,0.03%,0.38%
4161,0.00%,0.84%,0.29%,0.05%,0.05%,0.02%,0.00%,0.00%,0.00%,12.56%,0.00%,83.40%,1.47%,1.31%
4164,0.00%,0.24%,46.01%,29.93%,20.06%,0.03%,0.00%,0.00%,0.00%,0.50%,0.00%,0.54%,0.80%,1.90%
4175,0.00%,0.26%,45.37%,34.54%,19.52%,0.00%,0.00%,0.00%,0.00%,0.00%,0.00%,0.00%,0.17%,0.13%
4183,0.88%,52.23%,0.51%,0.38%,0.39%,0.01%,0.00%,0.00%,0.00%,14.86%,0.00%,28.22%,0.82%,1.69%
4192,0.00%,8.88%,20.31%,15.48%,7.34%,0.17%,0.00%,0.00%,0.00%,5.97%,0.00%,0.69%,32.05%,9.11%
4206,100.00%,0.00%,0.00%,0.00%,0.00%,0.00%,0.00%,0.00%,0.00%,0.00%,0.00%,0.00%,0.00%,0.00%
4218,0.00%,0.09%,0.35%,0.65%,3.28%,0.01%,0.00%,0.00%,0.00%,0.11%,0.00%,0.89%,0.53%,94.09%
4222,0.00%,0.78%,17.52%,36.15%,45.02%,0.01%,0.00%,0.00%,0.00%,0.02%,0.00%,0.00%,0.15%,0.34%
4226,0.00%,1.30%,0.04%,0.05%,0.05%,0.00%,0.00%,0.00%,0.00%,55.54%,0.00%,40.87%,1.08%,1.07%
4227,0.00%,4.07%,0.58%,0.27%,0.92%,0.03%,0.00%,0.00%,0.00%,64.51%,0.00%,5.52%,4.22%,19.88%
423,0.00%,0.54%,0.45%,0.03%,0.02%,0.02%,0.00%,0.00%,0.00%,10.96%,0.00%,87.71%,0.10%,0.17%
4230,0.00%,0.58%,20.04%,11.26%,40.58%,0.14%,0.00%,0.00%,0.00%,0.17%,0.00%,0.06%,7.87%,19.30%
4240,0.00%,8.38%,5.09%,6.68%,6.20%,0.06%,0.00%,0.00%,3.53%,66.84%,0.01%,0.08%,1.10%,2.02%
4241,0.00%,0.36%,0.00%,0.00%,0.00%,0.00%,0.00%,0.00%,0.00%,0.00%,98.29%,0.01%,1.21%,0.11%
4254,0.06%,22.78%,0.43%,0.35%,10.85%,9.95%,0.00%,0.00%,0.14%,1.34%,0.00%,41.51%,10.10%,2.48%
4260,0.00%,10.34%,2.58%,2.05%,1.74%,0.09%,0.00%,0.00%,0.00%,8.82%,0.00%,1.01%,34.18%,39.20%
427,0.00%,0.02%,72.54%,26.67%,0.24%,0.01%,0.00%,0.00%,0.00%,0.00%,0.00%,0.00%,0.39%,0.12%
4287,99.99%,0.01%,0.00%,0.00%,0.00%,0.00%,0.00%,0.00%,0.00%,0.01%,0.00%,0.00%,0.00%,0.00%
43,0.01%,8.12%,37.41%,0.29%,40.28%,10.28%,0.00%,0.00%,0.18%,1.65%,0.01%,0.04%,1.00%,0.74%
4318,0.00%,0.45%,0.01%,0.00%,0.00%,0.00%,0.00%,0.00%,0.00%,1.11%,0.00%,98.17%,0.15%,0.09%
4326,100.00%,0.00%,0.00%,0.00%,0.00%,0.00%,0.00%,0.00%,0.00%,0.00%,0.00%,0.00%,0.00%,0.00%
4329,0.00%,0.33%,52.03%,28.15%,18.38%,0.01%,0.00%,0.00%,0.00%,0.06%,0.00%,0.02%,0.78%,0.23%
4334,0.26%,1.45%,1.07%,0.07%,0.11%,0.00%,95.64%,0.00%,0.00%,1.20%,0.01%,0.10%,0.02%,0.07%
4342,0.00%,4.34%,1.11%,0.27%,0.24%,0.01%,0.01%,0.00%,0.00%,5.31%,0.00%,87.49%,0.50%,0.71%
4345,0.02%,52.24%,6.09%,4.71%,5.33%,0.05%,0.00%,0.01%,0.00%,25.55%,0.00%,0.70%,5.04%,0.27%
4354,0.00%,30.01%,0.16%,0.20%,0.26%,0.00%,0.00%,0.00%,0.00%,30.81%,0.00%,38.27%,0.13%,0.15%
4361,0.00%,0.02%,0.01%,0.00%,0.00%,0.00%,0.00%,0.00%,0.00%,7.85%,0.00%,91.40%,0.46%,0.25%
4363,0.00%,0.14%,18.70%,19.32%,55.12%,0.01%,0.00%,0.00%,0.00%,2.02%,0.00%,0.14%,0.67%,3.88%
4364,0.00%,0.03%,13.80%,44.80%,39.54%,0.02%,0.00%,0.00%,0.00%,0.36%,0.00%,0.11%,0.81%,0.52%
437,0.00%,0.55%,59.88%,32.80%,5.18%,0.11%,0.00%,0.00%,0.00%,0.85%,0.00%,0.01%,0.25%,0.36%
4372,0.00%,4.72%,1.81%,55.66%,2.89%,0.39%,0.00%,0.00%,0.00%,0.66%,0.00%,3.66%,1.85%,28.35%
4377,0.00%,0.00%,0.00%,0.00%,0.23%,99.68%,0.00%,0.00%,0.00%,0.00%,0.00%,0.00%,0.00%,0.09%
4384,0.00%,1.26%,0.80%,9.50%,15.18%,0.03%,0.00%,0.00%,0.00%,18.22%,0.00%,8.81%,7.37%,38.82%
4385,0.00%,3.42%,46.38%,32.73%,1.78%,0.02%,0.00%,0.00%,0.00%,0.60%,0.00%,0.31%,1.46%,13.30%
4400,0.00%,1.47%,1.15%,0.09%,0.20%,0.03%,0.00%,0.00%,0.00%,0.17%,0.00%,0.16%,65.89%,30.84%
4407,1.61%,1.07%,60.97%,29.01%,5.26%,0.01%,0.00%,0.00%,0.00%,0.33%,0.02%,0.15%,1.38%,0.17%
4417,0.00%,0.00%,0.00%,0.00%,0.01%,99.99%,0.00%,0.00%,0.00%,0.00%,0.00%,0.00%,0.00%,0.00%
4425,0.00%,8.44%,45.91%,7.11%,5.74%,8.55%,0.00%,0.00%,0.00%,2.98%,0.00%,0.65%,9.76%,10.86%
4431,0.69%,40.45%,3.47%,4.00%,6.51%,0.06%,0.00%,0.00%,0.00%,4.93%,0.00%,10.75%,28.29%,0.85%
4452,0.00%,53.31%,38.14%,0.44%,7.82%,0.01%,0.00%,0.00%,0.00%,0.01%,0.01%,0.07%,0.14%,0.05%
4465,0.00%,37.29%,0.09%,0.04%,30.46%,0.03%,0.00%,0.00%,0.00%,13.10%,0.00%,6.02%,7.68%,5.28%
4471,100.00%,0.00%,0.00%,0.00%,0.00%,0.00%,0.00%,0.00%,0.00%,0.00%,0.00%,0.00%,0.00%,0.00%
4481,99.89%,0.01%,0.00%,0.00%,0.00%,0.00%,0.00%,0.00%,0.00%,0.00%,0.00%,0.09%,0.00%,0.00%
4492,0.00%,1.23%,1.86%,1.56%,0.19%,0.06%,0.00%,0.00%,0.00%,6.49%,0.00%,0.28%,8.67%,79.66%
4530,100.00%,0.00%,0.00%,0.00%,0.00%,0.00%,0.00%,0.00%,0.00%,0.00%,0.00%,0.00%,0.00%,0.00%
4534,0.02%,3.04%,0.25%,0.11%,0.15%,0.01%,0.00%,0.00%,0.00%,3.55%,0.00%,0.70%,59.36%,32.82%
454,0.01%,99.20%,0.07%,0.02%,0.03%,0.00%,0.00%,0.00%,0.00%,0.19%,0.00%,0.04%,0.37%,0.06%
4545,0.00%,42.02%,0.57%,1.94%,2.87%,0.05%,0.00%,0.00%,0.00%,0.69%,0.00%,0.18%,14.17%,37.49%
4553,0.00%,24.96%,0.09%,0.17%,0.22%,0.28%,0.00%,0.00%,0.00%,12.08%,0.00%,60.59%,0.31%,1.28%
4580,0.00%,2.26%,11.32%,41.83%,41.56%,0.09%,0.00%,0.00%,0.00%,1.43%,0.00%,0.01%,0.56%,0.94%
4583,0.00%,0.00%,0.00%,0.00%,0.00%,100.00%,0.00%,0.00%,0.00%,0.00%,0.00%,0.00%,0.00%,0.00%
4585,5.75%,46.81%,1.90%,0.91%,2.38%,0.04%,0.00%,0.00%,0.01%,22.33%,0.01%,4.21%,2.65%,13.01%
4589,18.71%,26.00%,14.73%,1.72%,0.76%,0.10%,0.00%,0.00%,0.00%,23.06%,0.36%,11.06%,2.10%,1.39%
4592,0.00%,0.51%,4.73%,78.60%,14.60%,0.02%,0.00%,0.00%,0.00%,1.07%,0.01%,0.08%,0.25%,0.14%
4593,0.00%,0.00%,0.00%,0.00%,0.00%,100.00%,0.00%,0.00%,0.00%,0.00%,0.00%,0.00%,0.00%,0.00%
46,99.96%,0.02%,0.00%,0.00%,0.00%,0.00%,0.00%,0.00%,0.00%,0.01%,0.00%,0.01%,0.01%,0.00%
4609,0.06%,57.65%,3.55%,0.99%,0.54%,0.02%,0.31%,0.02%,0.00%,26.95%,4.34%,0.28%,4.69%,0.59%
4619,0.01%,0.65%,1.45%,4.07%,0.16%,0.00%,0.00%,0.00%,0.00%,92.22%,0.00%,0.17%,1.19%,0.07%
4624,0.00%,0.16%,25.96%,61.88%,9.60%,0.12%,0.00%,0.00%,0.00%,0.04%,0.00%,0.13%,1.77%,0.34%
4647,0.00%,0.43%,5.92%,60.37%,4.25%,0.08%,0.00%,0.00%,0.00%,14.22%,0.00%,0.78%,11.57%,2.37%
4655,0.12%,1.84%,0.30%,0.18%,0.28%,0.01%,0.00%,0.00%,0.00%,55.41%,0.00%,27.04%,13.63%,1.19%
4658,0.02%,2.37%,0.16%,0.34%,0.55%,0.04%,0.00%,0.00%,0.00%,2.94%,0.00%,34.29%,23.40%,35.89%
4702,0.00%,0.02%,0.05%,0.02%,0.06%,0.00%,0.00%,0.00%,0.00%,0.14%,0.00%,0.03%,74.49%,25.18%
4703,0.01%,4.45%,0.26%,0.12%,0.23%,0.02%,0.00%,0.00%,0.00%,47.65%,0.00%,32.51%,9.68%,5.07%
4706,0.01%,14.44%,7.48%,55.71%,6.75%,0.13%,0.00%,0.00%,0.00%,2.54%,0.00%,1.45%,3.21%,8.27%
4709,0.00%,0.18%,0.00%,0.01%,0.01%,0.00%,0.00%,0.00%,99.26%,0.51%,0.00%,0.00%,0.01%,0.02%
4721,0.00%,0.20%,0.08%,0.01%,0.06%,0.03%,0.00%,0.00%,0.45%,0.65%,0.00%,98.39%,0.03%,0.08%
4741,0.00%,0.08%,51.64%,17.46%,24.37%,0.02%,0.00%,0.00%,0.00%,0.08%,0.00%,0.01%,0.32%,6.02%
475,0.01%,4.68%,0.84%,83.40%,5.03%,0.87%,0.00%,0.00%,0.00%,0.06%,0.01%,0.15%,3.70%,1.24%
4760,0.00%,0.00%,0.00%,0.00%,0.00%,100.00%,0.00%,0.00%,0.00%,0.00%,0.00%,0.00%,0.00%,0.00%
4775,0.19%,2.97%,1.00%,0.36%,0.20%,0.02%,0.00%,0.00%,0.00%,17.16%,0.00%,7.08%,19.89%,51.12%
4777,0.10%,27.14%,7.86%,2.88%,2.39%,0.04%,0.00%,0.00%,0.00%,27.20%,0.00%,12.47%,15.43%,4.49%
4823,0.00%,4.40%,2.67%,2.92%,5.32%,0.07%,0.00%,0.00%,0.00%,0.30%,0.00%,2.43%,59.69%,22.20%
4834,0.00%,0.35%,0.11%,0.01%,0.02%,0.01%,0.00%,0.00%,0.00%,0.04%,0.00%,0.01%,0.61%,98.83%
4836,0.00%,1.37%,9.70%,8.95%,32.89%,0.02%,0.00%,0.00%,0.00%,0.33%,0.00%,1.53%,38.54%,6.67%
4837,0.00%,1.31%,6.87%,16.22%,29.46%,0.03%,0.00%,0.00%,0.00%,0.71%,0.00%,10.10%,25.32%,9.98%
4843,0.08%,22.17%,12.04%,32.33%,1.09%,0.03%,0.00%,0.00%,0.00%,5.34%,0.00%,0.78%,24.91%,1.24%
4850,99.99%,0.00%,0.00%,0.00%,0.00%,0.00%,0.00%,0.00%,0.00%,0.00%,0.00%,0.00%,0.00%,0.00%
4869,0.00%,0.00%,0.00%,0.00%,0.00%,100.00%,0.00%,0.00%,0.00%,0.00%,0.00%,0.00%,0.00%,0.00%
4871,2.14%,0.51%,0.09%,0.07%,0.04%,0.00%,0.00%,0.00%,0.00%,92.42%,0.00%,4.31%,0.37%,0.06%
4874,0.23%,19.98%,5.32%,4.03%,4.55%,1.44%,0.00%,0.00%,0.00%,25.26%,0.01%,7.65%,7.42%,24.09%
4875,0.01%,97.12%,0.15%,0.00%,0.01%,0.00%,0.00%,0.00%,0.00%,0.87%,0.00%,1.72%,0.11%,0.01%
